198 51 79 17 86 173 152 24 92 172 243 156 8 47 44 211
81 11 70 175 61 74 35 221 146 56 219 25 98 101 230 177
206 31 43 94 226 21 255 239 105 249 200 65 241 102 192 37
5 147 247 166 231 130 153 220 18 7 128 234 29 194 103 196
199 151 190 108 240 4 93 80 54 32 179 251 23 118 169 181
170 145 48 163 224 131 112 193 49 205 57 171 225 95 214 248
13 40 176 161 22 195 75 41 168 42 187 36 189 2 117 59
33 71 1 201 183 254 55 116 178 82 237 124 140 148 202 134
115 110 155 63 244 30 52 174 132 114 184 158 228 127 123 122
209 28 72 83 107 0 60 235 191 180 135 185 216 104 76 113
97 215 188 208 246 142 213 227 58 26 14 90 160 149 84 154
67 218 126 19 66 164 212 167 143 3 232 129 120 141 133 91
12 6 73 53 210 238 217 15 10 207 88 197 125 46 252 96
109 137 69 111 106 39 99 229 77 245 159 27 62 45 78 233
253 182 87 16 38 250 85 9 64 89 162 150 100 20 139 68
222 204 119 242 165 223 138 186 157 203 34 121 236 136 144 50
